 	Alpharetta, GA	Arlington Heights, IL	Baton Rouge, LA	Billings, MT	Bowling Green, KY	Buena Park, CA	Carson, CA	Charleston, SC	City of Sammamish, WA	Compton, CA	Cypress, CA	Delray Beach, FL	East Brunswick, NJ	Edmond, OK	Euless, TX	Florin, CA	Fresno, CA	Goodyear, AZ	Hamilton, OH	Highland, CA	Iowa City, IA	Joplin, MO	Kissimmee, FL	Lakewood, NJ	Lenexa, KS	Loveland, CO	Marietta, GA	Metairie Terrace, LA	Mission Viejo, CA	Nampa, ID	Noblesville, IN	Oak Lawn, IL	Ozone Park, NY	Paterson, NJ	Pittsburg, CA	Portland, ME	Redmond, WA	Rock Hill, SC	Saint George, UT	San Marcos, TX	Schaumburg, IL	South Gate, CA	Springfield, OR	Tacoma, WA	Tigard, OR	Tyler, TX	Waldorf, MD	West Coon Rapids, MN	Wheaton, MD
Alpharetta, GA		816.41	577.39	2791.32	336.81	2318.87	2342.13	297.38	3576.24	2335.13	2334.58	646.56	888.48	1181.17	905.75	2710.73	2557.61	1972.12	631.17	2271.33	980.45	861.39	472.68	887.58	1088.65	2289.64	19.18	594.15	2338.3	3116.37	611.89	774.45	957.15	935.22	2693.25	1278.46	3583.78	225.55	2308.57	1110.93	812.86	2333.49	3632.81	3599.59	3532.66	728.5	678.65	1270.21	701.65
Arlington Heights, IL	831.4		1274.89	1367.77	498.49	2548.55	2571.81	1034.76	2554.3	2564.81	2564.25	1458.68	943.86	1410.85	1135.43	2940.41	2787.29	2201.8	337.85	2501.01	244.5	596.24	1284.81	976.68	533.6	1040.23	818.85	1347.38	2567.97	2094.43	223.82	40.52	977.75	939.78	2922.92	1274.01	2561.84	869.91	2538.24	1340.6	10.7	2563.17	2610.87	2577.64	2510.72	1103.81	843.61	534.25	803.74
Baton Rouge, LA	580.72	1138.79		2427.07	933.81	1954.62	1977.88	844.95	3211.99	1970.89	1970.33	877.05	1760.01	816.92	541.5	2346.49	2193.37	1607.87	1154.64	1907.09	1126.75	666.4	712.96	1768.6	837.37	1925.39	564.39	77.21	1974.05	2752.13	1135.36	1113.37	1835.73	1794.64	2329.0	2156.94	3219.54	792.47	1944.32	746.68	1135.24	1969.25	3268.57	3235.34	3168.42	357.48	1567.94	1485.42	1550.23
Billings, MT	2124.92	1240.08	2445.02		1792.01	1328.71	1351.97	2490.71	1186.77	1344.97	1344.41	3262.27	2179.43	1434.41	1884.16	1178.34	1338.22	1465.51	1573.43	1288.1	1139.29	1196.72	3098.17	2212.26	1053.5	509.55	2802.98	2517.51	1348.13	726.91	1459.4	1276.1	2213.33	2175.36	1234.51	2509.58	1194.32	2325.86	942.09	1844.86	1246.28	1343.33	1243.34	1210.12	1143.2	2008.79	2079.19	830.23	2039.32
Bowling Green, KY	338.54	483.66	936.34	1770.97		2210.01	2233.27	776.06	3467.38	2226.27	2225.71	965.82	903.79	1072.3	796.88	2601.87	2448.75	1863.25	298.42	2162.47	647.7	528.64	791.95	912.38	755.91	2180.78	325.99	683.19	2229.43	3007.51	279.14	441.7	979.51	938.42	2584.38	1300.72	3474.92	611.21	2199.7	1002.06	480.11	2224.63	3523.95	3490.72	3423.8	765.27	711.72	937.46	694.01
Buena Park, CA	2347.18	2431.19	1972.89	1329.51	2226.2		26.97	2611.41	1303.51	19.97	5.78	2790.14	3052.4	1606.37	1412.03	410.45	257.34	346.85	2447.04	60.91	2419.14	1810.6	2626.05	3060.99	1928.55	1086.12	2330.85	2045.38	35.45	906.05	2427.76	2405.76	3128.13	3087.03	392.97	3449.33	1311.06	2558.94	387.53	1372.73	2427.64	18.34	888.99	1140.39	990.59	1536.66	2860.34	2158.44	2842.62
Carson, CA	2371.43	2455.44	1997.14	1353.76	2250.45	27.32		2635.66	1290.03	9.89	29.31	2814.39	3076.65	1630.62	1436.28	396.97	243.86	371.1	2471.28	85.16	2443.39	1834.85	2650.29	3085.24	1952.8	1110.37	2355.1	2069.63	52.94	847.31	2452.0	2430.01	3152.38	3111.28	379.49	3473.58	1297.58	2583.19	411.78	1396.98	2451.89	13.78	875.51	1126.91	977.11	1560.91	2884.59	2182.7	2866.87
Charleston, SC	305.9	1042.54	842.99	3056.93	646.93	2584.48	2607.74		3841.85	2600.74	2600.18	554.81	708.54	1446.77	1171.35	2976.34	2823.22	2237.72	681.51	2536.94	1206.58	1174.22	417.06	707.64	1401.49	2555.25	327.64	859.75	2603.9	3381.98	838.02	1000.58	777.21	755.28	2958.85	1098.52	3849.39	188.95	2574.17	1376.53	1038.99	2599.1	3898.42	3865.19	3798.27	994.1	498.71	1496.34	521.71
City of Sammamish, WA	3311.17	2426.33	3631.26	1187.54	2978.26	1365.06	1388.32	3676.96		1381.32	1380.77	4448.51	3365.68	2620.66	3070.41	777.57	937.45	1377.49	2759.68	1324.45	2325.53	2382.97	4284.42	3398.51	2239.75	1695.8	3989.22	3703.75	1384.49	466.6	2645.65	2462.34	3399.57	3361.61	808.64	3695.83	7.66	3512.11	1177.5	3031.1	2432.53	1379.68	296.1	45.26	195.31	3195.03	3265.43	2016.48	3225.57
Compton, CA	2362.39	2446.39	1988.1	1344.71	2241.41	18.28	9.53	2626.62	1288.6		20.26	2805.35	3067.61	1621.58	1427.24	395.54	242.42	362.06	2462.24	76.11	2434.35	1825.81	2641.25	3076.2	1943.76	1101.33	2346.06	2060.58	54.2	845.87	2442.96	2420.97	3143.33	3102.24	378.05	3464.54	1296.14	2574.14	402.74	1387.93	2442.84	5.45	874.08	1125.47	975.68	1551.86	2875.54	2173.65	2857.83
Cypress, CA	2362.76	2446.76	1988.47	1345.08	2241.78	5.75	27.85	2626.99	1304.39	20.86		2805.72	3067.98	1621.95	1427.61	411.34	258.22	362.42	2462.61	76.48	2434.72	1826.18	2641.62	3076.57	1944.13	1101.7	2346.43	2060.95	34.44	861.67	2443.33	2421.34	3143.7	3102.61	393.85	3464.91	1311.94	2574.51	403.11	1388.3	2443.21	19.22	889.87	1141.27	991.47	1552.23	2875.91	2174.02	2858.2
Delray Beach, FL	649.94	1446.83	1021.16	3235.09	967.22	2762.64	2785.9	557.76	4020.01	2778.91	2778.35		1201.48	1624.94	1349.52	3154.51	3001.39	2415.89	1261.59	2715.11	1610.87	1474.42	171.72	1200.59	1645.4	2733.41	645.13	822.89	2782.07	3560.15	1242.31	1404.86	1270.16	1248.23	3137.02	1591.47	4027.56	652.66	2752.34	1554.7	1443.28	2777.27	4076.59	4043.36	3976.44	1172.27	991.66	1900.63	1014.66
East Brunswick, NJ	898.13	939.2	1760.92	2226.51	903.3	3034.58	3057.84	748.94	3413.04	3050.84	3050.29	1196.38		1896.88	1621.46	3426.44	3273.32	2687.83	784.84	2987.05	1103.24	1353.22	1058.63	31.31	1392.59	1898.97	919.88	1833.41	3054.01	2953.17	842.09	897.23	86.04	64.11	3408.96	407.35	3420.58	675.54	3024.28	1826.64	935.65	3049.2	3469.61	3436.39	3369.46	1589.85	207.8	1393.0	188.12
Edmond, OK	1191.46	803.77	817.17	1266.46	1070.48	1606.25	1629.51	1455.69	2051.38	1622.51	1621.95	1634.42	1896.68		275.7	1998.11	1844.99	1259.49	1291.31	1558.71	632.82	211.46	1470.32	1905.27	322.01	764.78	1175.13	889.66	1625.67	1591.51	1272.03	783.68	1972.41	1931.31	1980.62	2293.61	2058.92	1403.22	1595.94	507.46	800.22	1620.87	2107.95	2074.73	2007.8	410.97	1704.61	801.65	1686.9
Euless, TX	915.81	999.82	541.52	1886.23	794.83	1413.78	1437.04	1180.04	2671.15	1430.04	1429.49	1358.77	1621.03	276.08		1805.65	1652.53	1067.03	1015.66	1366.25	987.77	403.59	1194.67	1629.62	534.38	1384.55	899.48	614.01	1433.21	2211.29	996.39	974.39	1696.76	1655.66	1788.16	2017.96	2678.7	1127.57	1403.48	238.99	996.27	1428.41	2727.72	2694.5	2627.58	142.5	1428.97	1346.44	1411.25
Florin, CA	2740.32	2824.32	2366.02	1179.33	2619.34	407.87	397.11	3004.54	781.39	396.19	409.86	3183.27	3445.54	1999.5	1805.17		162.35	739.98	2840.17	454.04	2317.32	2203.73	3019.18	3454.13	2321.69	1172.9	2723.98	2438.51	443.8	544.1	2820.89	2798.89	3521.26	3480.17	63.32	3842.47	778.91	2952.07	672.8	1765.86	2820.77	390.39	487.07	738.46	588.66	1929.79	3253.47	2008.27	3235.76
Fresno, CA	2586.74	2670.74	2212.44	1339.5	2465.76	254.29	243.53	2850.96	941.56	242.62	256.28	3029.69	3291.96	1845.92	1651.59	161.85		586.4	2686.59	300.46	2658.69	2050.15	2865.6	3300.55	2168.11	1223.98	2570.4	2284.93	290.22	704.27	2667.31	2645.32	3367.68	3326.59	159.41	3688.89	939.08	2798.49	525.39	1612.28	2667.19	236.81	647.24	898.64	748.84	1776.21	3099.89	2168.44	3082.18
Goodyear, AZ	2000.39	2084.4	1626.1	1309.81	1879.41	346.89	370.15	2264.62	1378.46	363.15	362.59	2443.35	2705.61	1259.58	1065.25	738.75	585.63		2100.25	299.35	2072.35	1463.81	2279.26	2714.2	1581.76	1121.32	1984.06	1698.59	366.31	918.59	2080.97	2058.97	2781.34	2740.24	721.26	3102.54	1386.0	2212.15	400.07	1025.94	2080.85	361.51	1217.29	1401.81	1334.88	1189.87	2513.55	2431.02	2495.83
Hamilton, OH	627.1	336.94	1151.81	1624.26	294.18	2425.47	2448.73	691.96	2810.79	2441.73	2441.17	1152.41	813.06	1287.77	1012.35	2817.33	2664.21	2078.72		2377.93	500.99	744.1	1080.5	845.89	657.06	2396.24	614.54	1224.3	2444.89	2350.92	127.35	294.98	846.96	808.99	2799.84	1143.21	2818.33	527.11	2415.17	1217.52	333.4	2440.09	2867.36	2834.14	2767.21	980.73	561.44	790.74	521.58
Highland, CA	2320.12	2404.13	1945.83	1288.84	2199.14	62.48	85.74	2584.35	1325.26	78.74	78.19	2763.08	3025.35	1579.31	1384.98	454.34	301.23	319.79	2419.98		2392.08	1783.54	2598.99	3033.93	1901.5	1045.46	2303.79	2018.32	81.91	865.39	2400.7	2378.7	3101.07	3059.98	436.86	3422.28	1332.8	2531.88	346.86	1345.67	2400.58	77.11	932.88	1348.61	1034.48	1509.6	2833.28	2117.78	2815.57
Iowa City, IA	1024.92	254.06	1331.44	1158.1	692.01	2605.1	2628.36	1390.7	2344.63	2621.36	2620.8	1652.2	1225.65	633.16	1191.98	2996.96	2843.84	2258.35	595.09	2557.56		455.86	1478.32	1258.47	312.08	807.06	1012.36	1403.93	2624.52	1884.76	394.43	322.31	1259.54	1221.57	2979.47	1555.8	2352.17	1225.86	1447.82	1397.15	258.75	2619.72	2401.2	2367.97	2301.05	1160.36	1326.37	321.1	974.35
Joplin, MO	860.33	599.05	750.92	1200.13	527.42	1810.67	1833.93	1225.89	2045.63	1826.93	1826.37	1568.17	1353.62	210.9	417.82	2202.53	2049.41	1463.91	748.25	1763.13	454.87		1404.07	1362.21	145.25	748.68	847.77	823.41	1830.09	1585.76	651.84	578.96	1429.34	1388.25	2185.04	1750.55	2053.17	1061.04	1800.36	623.0	595.5	1825.29	2102.2	2068.98	2002.05	375.79	1161.55	623.18	1143.84
Kissimmee, FL	473.0	1269.89	854.34	3068.27	790.28	2595.82	2619.08	415.93	3853.19	2612.08	2611.53	169.4	1059.65	1458.12	1182.7	2987.68	2834.56	2249.07	1084.65	2548.29	1433.93	1307.6		1058.75	1478.57	2566.59	468.19	656.06	2615.25	3393.32	1065.37	1227.93	1128.32	1106.4	2970.2	1449.63	3860.73	510.83	2585.52	1387.88	1266.34	2610.44	3909.76	3876.54	3809.62	1005.45	849.83	1723.69	872.83
Lakewood, NJ	898.18	1024.15	1750.89	2311.46	893.27	3024.55	3047.81	748.99	3497.99	3040.81	3040.26	1196.42	44.47	1886.85	1611.43	3416.41	3263.3	2677.8	679.29	2977.02	1188.19	1343.19	1058.68		1477.54	1983.93	919.92	1823.38	3043.98	3038.13	927.05	982.19	109.25	87.32	3398.93	430.56	3505.54	675.58	3014.25	1816.61	1020.6	3039.18	3554.57	3521.34	3454.42	1579.82	207.85	1477.95	188.17
Lenexa, KS	1085.12	536.74	881.35	1053.06	752.2	1928.97	1952.23	1450.9	2239.59	1945.23	1944.67	1712.4	1389.65	322.12	548.26	2320.83	2167.71	1582.21	655.28	1881.43	311.85	145.07	1538.52	1422.48		640.94	1072.56	953.84	1948.39	1779.72	589.52	516.64	1423.55	1385.58	2303.34	1719.8	2247.13	1286.05	1257.87	753.43	533.19	1943.59	2296.16	2262.94	2196.01	506.22	1386.56	480.15	1169.44
Loveland, CO	2318.21	1143.38	1943.92	510.52	2197.23	1086.65	1109.91	2582.44	1241.84	1102.91	1102.35	2761.17	1996.29	933.31	1383.06	1173.28	1215.51	964.41	1261.92	1046.04	807.59	748.95	2597.07	3032.02	640.41		2301.88	2016.4	1106.07	781.97	1196.16	1123.28	2030.18	1992.22	1229.46	2326.44	1249.38	2529.96	700.03	1343.75	1139.83	1101.27	1298.41	1265.19	1198.26	1507.68	2831.36	1327.54	2813.65
Marietta, GA	18.86	804.77	561.08	2775.01	325.16	2302.56	2325.82	306.82	3559.93	2318.82	2318.26	641.35	912.38	1164.85	889.43	2694.42	2541.3	1955.8	619.53	2255.02	968.81	849.75	467.48	911.49	1077.01	2273.33		577.83	2321.98	3100.06	600.25	762.81	981.06	959.13	2676.93	1302.37	3567.47	242.56	2292.25	1094.61	801.22	2317.18	3616.5	3583.28	3516.35	712.19	702.56	1258.57	725.56
Metairie Terrace, LA	562.89	1211.31	77.13	2499.59	1006.32	2027.14	2050.4	798.35	3284.51	2043.4	2042.84	825.88	1832.53	889.44	614.02	2419.0	2265.88	1680.39	1227.16	1979.6	1199.26	738.92	661.78	1841.11	909.89	1997.91	546.56		2046.56	2824.64	1207.88	1185.88	1908.25	1867.16	2401.51	2229.46	3292.05	774.65	2016.83	819.19	1207.76	2041.76	3341.08	3307.86	3240.93	429.99	1640.46	1557.93	1622.75
Mission Viejo, CA	2376.03	2460.03	2001.73	1358.35	2255.05	27.94	53.17	2640.25	1329.71	46.17	32.48	2818.98	3081.25	1635.21	1440.88	436.65	283.53	375.69	2475.88	89.75	2447.98	1839.44	2654.89	3089.84	1957.4	1114.97	2359.69	2074.22		934.9	2456.6	2434.6	3156.97	3115.88	419.16	3478.18	1337.25	2587.78	416.37	1401.57	2456.48	44.53	915.19	1166.58	1016.79	1565.5	2889.18	2187.29	2871.47
Nampa, ID	2852.01	1967.16	3172.1	728.38	2519.09	905.9	929.16	3217.79	467.72	922.16	921.6	3989.35	2906.52	2161.49	2611.25	544.34	704.22	918.33	2300.52	865.29	1866.37	1923.81	3825.26	2939.34	1780.59	1236.64	3530.06	3244.59	925.32		2186.48	2003.18	2940.41	2902.44	600.51	3236.67	475.26	3052.94	718.34	2571.94	1973.36	920.52	524.29	491.07	424.14	2735.87	2806.27	1557.31	2766.41
Noblesville, IN	631.38	222.99	1156.09	1510.3	298.47	2429.75	2453.01	834.74	2696.83	2446.02	2445.46	1258.66	840.19	1292.05	1016.63	2821.62	2668.5	2083.0	128.85	2382.22	387.03	748.39	1084.79	873.02	591.21	1182.77	618.83	1228.58	2449.18	2236.96		181.03	874.08	836.12	2804.13	1170.34	2704.37	669.89	2419.45	1221.81	219.44	2444.38	2753.4	2720.18	2653.25	985.02	659.85	676.79	619.98
Oak Lawn, IL	784.76	39.62	1256.11	1348.99	451.85	2529.77	2553.03	988.11	2535.52	2546.03	2545.48	1412.04	897.21	1392.07	1116.65	2921.63	2768.51	2183.02	291.21	2482.24	225.72	577.46	1238.16	930.04	514.82	1021.45	772.2	1328.6	2549.2	2075.65	177.18		931.11	893.14	2904.15	1227.36	2543.06	823.26	2519.47	1321.83	36.07	2544.39	2592.09	2558.87	2491.94	1085.03	796.97	515.48	757.1
Ozone Park, NY	967.13	972.77	1836.74	2260.08	979.12	3110.4	3133.66	817.94	3446.61	3126.66	3126.11	1265.37	73.1	1972.7	1697.28	3502.27	3349.15	2763.65	818.41	3062.87	1136.81	1429.04	1127.63	97.86	1426.16	1932.54	988.87	1909.23	3129.83	2986.74	875.66	930.8		43.04	3484.78	375.56	3454.15	744.53	3100.1	1902.46	969.22	3125.03	3503.18	3469.96	3403.03	1665.67	276.8	1426.57	257.11
Paterson, NJ	947.62	934.48	1795.31	2221.8	937.69	3068.97	3092.23	798.44	3408.33	3085.24	3084.68	1245.87	53.6	1931.27	1655.85	3460.84	3307.72	2722.22	780.13	3021.44	1098.53	1387.61	1108.13	78.36	1387.88	1894.26	969.37	1867.8	3088.4	2948.46	837.38	892.52	43.61		3443.35	364.82	3415.87	725.03	3058.67	1861.03	930.94	3083.6	3464.9	3431.67	3364.75	1624.24	257.29	1388.29	237.61
Pittsburg, CA	2722.35	2806.35	2348.05	1235.91	2601.37	389.9	379.14	2986.57	808.25	378.22	391.89	3165.3	3427.57	1981.53	1787.2	63.36	159.0	722.01	2822.2	436.07	2794.3	2185.76	3001.21	3436.16	2303.72	1229.48	2706.01	2420.54	425.83	600.68	2802.92	2780.92	3503.29	3462.2		3824.5	805.77	2934.1	680.1	1747.89	2802.8	372.42	513.93	765.32	615.53	1911.82	3235.5	2064.85	3217.79
Portland, ME	1295.79	1275.15	2165.4	2562.47	1307.78	3439.06	3462.32	1146.6	3748.99	3455.33	3454.77	1594.03	401.76	2301.36	2025.94	3830.93	3677.81	3092.31	1120.79	3391.53	1439.2	1757.7	1456.29	426.52	1728.55	2234.93	1317.53	2237.89	3458.49	3289.13	1178.05	1233.19	383.47	371.7	3813.44		3756.54	1073.19	3428.76	2231.12	1271.6	3453.69	3805.57	3772.34	3705.42	1994.33	605.46	1728.95	585.78
Redmond, WA	3319.04	2434.2	3639.14	1195.41	2986.13	1372.93	1396.19	3684.83	7.72	1389.2	1388.64	4456.39	3373.55	2628.53	3078.28	775.15	935.03	1385.36	2767.55	1332.33	2333.4	2390.84	4292.29	3406.38	2247.62	1703.67	3997.1	3711.63	1392.36	474.47	2653.52	2470.22	3407.45	3369.48	806.21	3703.7		3519.98	1185.37	3038.98	2440.4	1387.56	293.67	42.83	192.88	3202.9	3273.31	2024.35	3233.44
Rock Hill, SC	225.6	878.57	791.01	2165.88	482.97	2532.49	2555.75	185.37	3789.86	2548.75	2548.19	646.54	677.83	1394.79	1119.37	2924.35	2771.23	2185.73	517.54	2484.95	1042.61	1010.26	508.8	676.93	1237.52	2503.26	247.35	807.77	2551.91	3329.99	674.05	836.61	746.5	724.58	2906.86	1067.81	3797.4		2522.18	1324.54	875.02	2547.11	3846.43	3813.21	3746.28	942.12	468.01	1332.37	491.01
Saint George, UT	2337.47	2421.48	1963.18	943.52	2216.49	388.06	411.32	2601.7	1118.47	404.32	403.77	2780.43	3042.69	1596.66	1402.33	673.17	516.92	400.49	2437.33	347.45	1448.19	1800.89	2616.34	3051.28	1257.08	700.14	2321.14	2035.67	407.49	658.6	2418.05	2396.05	3118.42	3077.32	679.77	3439.63	1126.02	2549.23		1363.02	2417.93	402.68	1175.04	1141.82	1074.9	1526.95	2850.63	1772.46	2832.92
San Marcos, TX	1122.56	1206.56	748.26	1845.0	1001.58	1372.55	1395.81	1386.78	2629.92	1388.81	1388.25	1565.52	1827.78	506.17	239.21	1764.41	1611.29	1025.79	1222.41	1325.01	1194.52	610.33	1401.42	1836.37	741.12	1343.32	1106.23	820.75	1391.97	2170.05	1203.13	1181.14	1903.5	1862.41	1746.92	2224.71	2637.46	1334.31	1362.24		1203.01	1387.17	2686.49	2653.27	2586.34	312.03	1635.71	1553.19	1618.0
Schaumburg, IL	827.54	10.76	1271.03	1363.91	494.63	2544.69	2567.95	1030.9	2550.44	2560.95	2560.39	1454.82	940.0	1406.99	1131.57	2936.55	2783.43	2197.94	333.99	2497.15	240.64	592.38	1280.95	972.82	529.74	1036.37	814.99	1343.52	2564.11	2090.57	219.96	36.66	973.89	935.92	2919.07	1270.15	2557.98	866.05	2534.39	1336.75		2559.31	2607.01	2573.79	2506.86	1099.95	839.75	530.4	799.88
South Gate, CA	2362.67	2446.68	1988.38	1345.0	2241.69	18.56	13.61	2626.9	1282.51	5.45	20.55	2805.63	3067.89	1621.86	1427.52	389.45	236.33	362.34	2462.52	76.39	2434.63	1826.09	2641.53	3076.48	1944.04	1101.61	2346.34	2060.87	54.49	839.78	2443.24	2421.25	3143.62	3102.52	371.96	3464.82	1290.05	2574.43	403.02	1388.22	2443.13		867.99	1119.38	969.58	1552.15	2875.83	2173.94	2858.11
Springfield, OR	3368.07	2483.23	3688.17	1244.44	3035.16	885.49	874.72	3733.86	295.09	873.81	887.47	4505.42	3422.58	2677.56	3127.31	482.89	642.77	1217.6	2816.58	931.65	2382.43	2439.87	4341.32	3455.41	2296.65	1752.7	4046.13	3760.66	921.41	523.5	2702.55	2519.25	3456.48	3418.51	513.95	3752.73	292.61	3569.01	1234.4	3088.01	2489.43	868.01		252.16	102.36	3251.93	3322.34	2073.38	3282.47
Tacoma, WA	3334.83	2449.99	3654.92	1211.2	3001.91	1136.87	1126.11	3700.61	44.92	1125.2	1138.86	4472.17	3389.34	2644.31	3094.07	734.27	894.15	1401.15	2783.34	1348.11	2349.19	2406.63	4308.08	3422.17	2263.41	1719.46	4012.88	3727.41	1172.8	490.25	2669.31	2486.0	3423.23	3385.27	765.34	3719.49	42.44	3535.76	1201.16	3054.76	2456.18	1119.4	252.79		152.01	3218.69	3289.09	2040.14	3249.23
Tigard, OR	3268.97	2384.13	3589.07	1145.34	2936.06	987.08	976.32	3634.76	195.14	975.41	989.07	4406.32	3323.49	2578.46	3028.22	584.48	744.36	1335.29	2717.49	1033.25	2283.34	2340.78	4242.23	3356.31	2197.56	1653.6	3947.03	3661.56	1023.01	424.4	2603.45	2420.15	3357.38	3319.41	615.54	3653.64	192.66	3469.91	1135.31	2988.91	2390.33	969.6	103.0	152.21		3152.84	3223.24	1974.28	3183.37
Tyler, TX	727.83	965.27	353.68	2008.71	760.29	1536.26	1559.52	992.06	2793.63	1552.52	1551.96	1170.79	1586.49	398.55	123.13	1928.12	1775.0	1189.5	981.12	1488.72	953.23	376.45	1006.69	1595.08	507.24	1507.03	711.5	426.17	1555.68	2333.76	961.84	939.85	1662.22	1621.12	1910.63	1983.42	2801.17	939.58	1525.95	258.79	961.73	1550.88	2850.2	2816.97	2750.05		1394.42	1311.9	1376.71
Waldorf, MD	689.26	826.29	1600.47	2113.61	742.85	2874.14	2897.4	540.07	3300.14	2890.4	2889.84	987.5	213.56	1736.44	1461.01	3266.0	3112.88	2527.38	564.82	2826.6	990.34	1192.77	849.76	212.67	1213.73	2844.91	711.0	1672.96	2893.56	2840.27	662.59	784.33	282.23	260.31	3248.51	603.54	3307.68	466.66	2863.83	1666.19	822.75	2888.76	3356.71	3323.49	3256.56	1429.4		1280.1	37.54
West Coon Rapids, MN	1300.44	415.6	1606.96	847.4	967.53	2880.63	2903.89	1666.23	2033.93	2896.89	2896.33	1927.72	1354.96	802.12	1467.5	2025.49	2185.37	2533.87	748.95	2833.09	321.45	623.99	1753.85	1387.78	480.21	1099.34	1287.89	1679.45	2900.05	1574.06	634.92	451.62	1388.85	1350.88	2081.66	1685.11	2041.47	1501.38	1789.25	1672.68	421.8	2895.25	2090.5	2057.28	1990.35	1435.89	1254.71		1214.84
Wheaton, MD	711.67	786.82	1549.51	2074.13	691.89	2823.17	2846.43	562.48	3260.66	2839.44	2838.88	1009.92	189.25	1685.47	1410.05	3215.04	3061.92	2476.42	525.35	2775.64	950.86	1141.81	872.17	188.35	1174.26	2793.94	733.42	1622.0	2842.6	2800.79	623.12	744.86	257.92	236.0	3197.55	579.23	3268.2	489.08	2812.87	1615.23	783.27	2837.8	3317.23	3284.01	3217.09	1378.44	36.47	1240.62	
